1.76452546296296
0.355694444444444
15.8972337962963
6.25549768518519
0.145115740740741
48.3729976851852
0.000833333333333333
0.0142013888888889
9.64864583333333
4.40113425925926
0.29005787037037
16.2742824074074
6.30719907407407
0.0310532407407407
0.308726851851852
9.79403935185185
6.28123842592593
19.4970833333333
0.868298611111111
12.138287037037
16.0107407407407
6.30430555555556
18.8196643518519
21.1649189814815
28.3044907407407
31.204537037037
9.24877314814815
0.255381944444444
45.7591435185185
64.7528703703704
36.4864930555556
1.47958333333333
7.81756944444444
7.79842592592593
6.80324074074074
0.00273148148148148
4.05270833333333
1.30857638888889
10.7168865740741
0.407222222222222
4.89376157407407
9.22420138888889
7.86856481481481
3.10211805555556
0.000844907407407407
4.88715277777778
2.21460648148148
8.80758101851852
0.865775462962963
2.17493055555556
48.2275
0.426261574074074
6.11921296296296
3.07457175925926
16.2044444444444
4.87030092592593
