0.00135416666666667
23.2525347222222
0.0594560185185185
0.00200231481481481
0.453414351851852
7.8858912037037
5.47140046296296
10.8531481481481
34.5966550925926
31.0781134259259
0.0052662037037037
12.406412037037
14.2344675925926
0.675185185185185
3.27309027777778
0.512800925925926
1.13471064814815
1.87155092592593
0.00912037037037037
0.00936342592592593
0.00104166666666667
0.196747685185185
1.49864583333333
2.3902662037037
0.00277777777777778
0.671724537037037
0.97849537037037
4.26388888888889
8.53849537037037
0.0397453703703704
1.275
0.609328703703704
1.88030092592593
45.8629398148148
34.597962962963
1.1093287037037
0.00304398148148148
0.0665162037037037
